Unidades,Parcial AI,Integral AI,Parcial AF,Integral AF,Total
PARAIBA,,,,,0
Estadual Urbana,21839,4891,60056,13548,100334
Estadual Rural,1539,819,4866,1303,8527
Municipal Urbana,92566,43465,82937,26261,245229
Municipal Rural,44153,21129,11730,7601,84613
Estadual e Municipal,160097,70304,159589,48713,438703
AGUA BRANCA,,,,,0
Estadual Urbana,0,0,18,71,89
Estadual Rural,0,0,0,0,0
Municipal Urbana,389,114,374,115,992
Municipal Rural,334,53,93,51,531
Estadual e Municipal,723,167,485,237,1612
AGUIAR,,,,,0
Estadual Urbana,4,0,137,0,141
Estadual Rural,0,0,0,0,0
Municipal Urbana,256,0,226,0,482
Municipal Rural,111,0,0,0,111
Estadual e Municipal,371,0,363,0,734
ALAGOA GRANDE,,,,,0
Estadual Urbana,349,77,694,255,1375
Estadual Rural,0,0,0,0,0
Municipal Urbana,138,877,183,202,1400
Municipal Rural,615,408,173,230,1426
Estadual e Municipal,1102,1362,1050,687,4201
ALAGOA NOVA,,,,,0
Estadual Urbana,199,0,784,0,983
Estadual Rural,0,0,0,0,0
Municipal Urbana,668,7,371,0,1046
Municipal Rural,358,367,77,0,802
Estadual e Municipal,1225,374,1232,0,2831
ALAGOINHA,,,,,0
Estadual Urbana,0,0,69,120,189
Estadual Rural,0,0,0,0,0
Municipal Urbana,580,150,763,1,1494
Municipal Rural,275,0,0,0,275
Estadual e Municipal,855,150,832,121,1958
ALCANTIL,,,,,0
Estadual Urbana,0,0,6,16,22
Estadual Rural,0,0,0,0,0
Municipal Urbana,233,0,203,0,436
Municipal Rural,188,0,103,0,291
Estadual e Municipal,421,0,312,16,749
ALGODAO DE JANDAIRA,,,,,0
Estadual Urbana,0,0,0,0,0
Estadual Rural,0,0,0,0,0
Municipal Urbana,0,202,0,211,413
Municipal Rural,71,37,0,0,108
Estadual e Municipal,71,239,0,211,521
ALHANDRA,,,,,0
Estadual Urbana,0,0,208,133,341
Estadual Rural,143,150,558,0,851
Municipal Urbana,413,173,424,0,1010
Municipal Rural,633,214,403,30,1280
Estadual e Municipal,1189,537,1593,163,3482
AMPARO,,,,,0
Estadual Urbana,0,0,0,0,0
Estadual Rural,0,0,0,0,0
Municipal Urbana,177,0,137,0,314
Municipal Rural,82,0,0,0,82
Estadual e Municipal,259,0,137,0,396
APARECIDA,,,,,0
Estadual Urbana,0,0,225,0,225
Estadual Rural,0,0,0,0,0
Municipal Urbana,187,101,206,69,563
Municipal Rural,298,0,0,0,298
Estadual e Municipal,485,101,431,69,1086
ARACAGI,,,,,0
Estadual Urbana,158,0,392,0,550
Estadual Rural,0,0,0,0,0
Municipal Urbana,86,257,72,296,711
Municipal Rural,221,451,78,159,909
Estadual e Municipal,465,708,542,455,2170
ARARA,,,,,0
Estadual Urbana,12,0,147,105,264
Estadual Rural,0,0,0,0,0
Municipal Urbana,672,0,571,3,1246
Municipal Rural,175,0,0,0,175
Estadual e Municipal,859,0,718,108,1685
ARARUNA,,,,,0
Estadual Urbana,26,12,194,157,389
Estadual Rural,0,0,0,0,0
Municipal Urbana,241,499,449,207,1396
Municipal Rural,484,120,59,218,881
Estadual e Municipal,751,631,702,582,2666
AREIA,,,,,0
Estadual Urbana,225,162,382,398,1167
Estadual Rural,0,0,0,0,0
Municipal Urbana,78,243,0,34,355
Municipal Rural,163,724,62,663,1612
Estadual e Municipal,466,1129,444,1095,3134
AREIA DE BARAUNAS,,,,,0
Estadual Urbana,0,0,0,0,0
Estadual Rural,0,0,0,0,0
Municipal Urbana,0,0,116,0,116
Municipal Rural,155,0,0,0,155
Estadual e Municipal,155,0,116,0,271
AREIAL,,,,,0
Estadual Urbana,0,0,215,0,215
Estadual Rural,0,0,0,0,0
Municipal Urbana,391,145,224,156,916
Municipal Rural,150,0,74,0,224
Estadual e Municipal,541,145,513,156,1355
AROEIRAS,,,,,0
Estadual Urbana,131,0,483,0,614
Estadual Rural,0,0,0,0,0
Municipal Urbana,277,33,316,120,746
Municipal Rural,1090,7,436,0,1533
Estadual e Municipal,1498,40,1235,120,2893
ASSUNCAO,,,,,0
Estadual Urbana,49,0,38,0,87
Estadual Rural,0,0,0,0,0
Municipal Urbana,314,0,283,0,597
Municipal Rural,50,0,0,0,50
Estadual e Municipal,413,0,321,0,734
BAIA DA TRAICAO,,,,,0
Estadual Urbana,0,0,114,0,114
Estadual Rural,12,40,186,62,300
Municipal Urbana,278,33,328,0,639
Municipal Rural,490,74,83,0,647
Estadual e Municipal,780,147,711,62,1700
BANANEIRAS,,,,,0
Estadual Urbana,121,0,209,107,437
Estadual Rural,0,0,0,0,0
Municipal Urbana,93,188,492,101,874
Municipal Rural,559,572,369,226,1726
Estadual e Municipal,773,760,1070,434,3037
BARAUNA,,,,,0
Estadual Urbana,0,0,0,0,0
Estadual Rural,0,0,0,0,0
Municipal Urbana,366,0,363,0,729
Municipal Rural,22,0,0,0,22
Estadual e Municipal,388,0,363,0,751
BARRA DE SANTA ROSA,,,,,0
Estadual Urbana,149,61,163,0,373
Estadual Rural,0,0,0,0,0
Municipal Urbana,0,415,705,0,1120
Municipal Rural,255,109,0,0,364
Estadual e Municipal,404,585,868,0,1857
BARRA DE SANTANA,,,,,0
Estadual Urbana,0,0,8,0,8
Estadual Rural,0,0,0,0,0
Municipal Urbana,102,89,163,190,544
Municipal Rural,147,278,100,165,690
Estadual e Municipal,249,367,271,355,1242
BARRA DE SAO MIGUEL,,,,,0
Estadual Urbana,0,0,0,0,0
Estadual Rural,0,0,0,0,0
Municipal Urbana,128,95,102,91,416
Municipal Rural,75,113,69,66,323
Estadual e Municipal,203,208,171,157,739
BAYEUX,,,,,0
Estadual Urbana,444,0,969,193,1606
Estadual Rural,0,0,0,0,0
Municipal Urbana,1034,2645,1371,1369,6419
Municipal Rural,0,0,0,0,0
Estadual e Municipal,1478,2645,2340,1562,8025
BELEM,,,,,0
Estadual Urbana,174,0,438,0,612
Estadual Rural,0,0,0,0,0
Municipal Urbana,168,339,236,200,943
Municipal Rural,134,24,0,0,158
Estadual e Municipal,476,363,674,200,1713
BELEM DO BREJO DO CRUZ,,,,,0
Estadual Urbana,0,0,52,93,145
Estadual Rural,0,0,0,0,0
Municipal Urbana,217,175,279,0,671
Municipal Rural,51,0,0,0,51
Estadual e Municipal,268,175,331,93,867
BERNARDINO BATISTA,,,,,0
Estadual Urbana,0,0,0,0,0
Estadual Rural,0,0,0,0,0
Municipal Urbana,289,0,258,0,547
Municipal Rural,81,0,0,0,81
Estadual e Municipal,370,0,258,0,628
BOA VENTURA,,,,,0
Estadual Urbana,0,0,120,0,120
Estadual Rural,0,0,0,0,0
Municipal Urbana,262,0,161,0,423
Municipal Rural,100,0,52,0,152
Estadual e Municipal,362,0,333,0,695
BOA VISTA,,,,,0
Estadual Urbana,0,0,0,0,0
Estadual Rural,0,0,0,0,0
Municipal Urbana,265,79,447,0,791
Municipal Rural,149,82,0,0,231
Estadual e Municipal,414,161,447,0,1022
BOM JESUS,,,,,0
Estadual Urbana,0,0,0,0,0
Estadual Rural,0,0,0,0,0
Municipal Urbana,52,111,121,85,369
Municipal Rural,19,105,0,0,124
Estadual e Municipal,71,216,121,85,493
BOM SUCESSO,,,,,0
Estadual Urbana,0,0,0,95,95
Estadual Rural,0,0,0,0,0
Municipal Urbana,205,0,98,0,303
Municipal Rural,116,0,36,0,152
Estadual e Municipal,321,0,134,95,550
BONITO DE SANTA FE,,,,,0
Estadual Urbana,0,0,435,0,435
Estadual Rural,0,0,0,0,0
Municipal Urbana,535,0,263,0,798
Municipal Rural,291,0,77,0,368
Estadual e Municipal,826,0,775,0,1601
BOQUEIRAO,,,,,0
Estadual Urbana,84,62,154,126,426
Estadual Rural,8,37,0,0,45
Municipal Urbana,619,0,713,1,1333
Municipal Rural,411,1,73,0,485
Estadual e Municipal,1122,100,940,127,2289
BORBOREMA,,,,,0
Estadual Urbana,0,0,41,101,142
Estadual Rural,0,0,0,0,0
Municipal Urbana,354,0,282,1,637
Municipal Rural,53,0,0,0,53
Estadual e Municipal,407,0,323,102,832
BREJO DO CRUZ,,,,,0
Estadual Urbana,7,8,51,37,103
Estadual Rural,0,0,0,0,0
Municipal Urbana,234,533,381,268,1416
Municipal Rural,60,46,0,0,106
Estadual e Municipal,301,587,432,305,1625
BREJO DOS SANTOS,,,,,0
Estadual Urbana,0,0,22,108,130
Estadual Rural,0,0,0,0,0
Municipal Urbana,223,0,147,1,371
Municipal Rural,39,0,0,0,39
Estadual e Municipal,262,0,169,109,540
CAAPORA,,,,,0
Estadual Urbana,125,0,0,0,125
Estadual Rural,0,0,0,0,0
Municipal Urbana,462,535,947,296,2240
Municipal Rural,209,443,257,110,1019
Estadual e Municipal,796,978,1204,406,3384
CABACEIRAS,,,,,0
Estadual Urbana,0,0,0,0,0
Estadual Rural,30,0,73,0,103
Municipal Urbana,150,97,6,259,512
Municipal Rural,31,105,0,0,136
Estadual e Municipal,211,202,79,259,751
CABEDELO,,,,,0
Estadual Urbana,455,39,426,0,920
Estadual Rural,129,1,133,19,282
Municipal Urbana,663,1639,760,1192,4254
Municipal Rural,0,0,0,0,0
Estadual e Municipal,1247,1679,1319,1211,5456
CACHOEIRA DOS INDIOS,,,,,0
Estadual Urbana,3,0,174,0,177
Estadual Rural,0,0,0,0,0
Municipal Urbana,484,0,308,0,792
Municipal Rural,169,0,71,0,240
Estadual e Municipal,656,0,553,0,1209
CACIMBA DE AREIA,,,,,0
Estadual Urbana,0,0,0,0,0
Estadual Rural,0,0,0,0,0
Municipal Urbana,216,0,220,0,436
Municipal Rural,49,0,0,0,49
Estadual e Municipal,265,0,220,0,485
CACIMBA DE DENTRO,,,,,0
Estadual Urbana,0,0,260,0,260
Estadual Rural,0,0,0,0,0
Municipal Urbana,757,0,523,0,1280
Municipal Rural,505,0,228,0,733
Estadual e Municipal,1262,0,1011,0,2273
CACIMBAS,,,,,0
Estadual Urbana,0,0,71,0,71
Estadual Rural,0,0,0,0,0
Municipal Urbana,206,0,279,0,485
Municipal Rural,726,0,374,0,1100
Estadual e Municipal,932,0,724,0,1656
CAICARA,,,,,0
Estadual Urbana,76,25,46,42,189
Estadual Rural,0,0,0,0,0
Municipal Urbana,271,0,328,3,602
Municipal Rural,151,0,0,0,151
Estadual e Municipal,498,25,374,45,942
CAJAZEIRAS,,,,,0
Estadual Urbana,460,554,1236,247,2497
Estadual Rural,0,0,0,0,0
Municipal Urbana,802,738,535,320,2395
Municipal Rural,534,271,298,291,1394
Estadual e Municipal,1796,1563,2069,858,6286
CAJAZEIRINHAS,,,,,0
Estadual Urbana,0,0,0,0,0
Estadual Rural,0,0,0,0,0
Municipal Urbana,180,0,218,0,398
Municipal Rural,95,0,0,0,95
Estadual e Municipal,275,0,218,0,493
CALDAS BRANDAO,,,,,0
Estadual Urbana,0,8,82,95,185
Estadual Rural,0,0,0,0,0
Municipal Urbana,27,252,123,123,525
Municipal Rural,11,20,0,0,31
Estadual e Municipal,38,280,205,218,741
CAMALAU,,,,,0
Estadual Urbana,0,0,0,0,0
Estadual Rural,0,0,0,0,0
Municipal Urbana,316,0,477,0,793
Municipal Rural,210,0,0,0,210
Estadual e Municipal,526,0,477,0,1003
CAMPINA GRANDE,,,,,0
Estadual Urbana,1331,237,9632,1657,12857
Estadual Rural,25,0,843,226,1094
Municipal Urbana,9975,2683,3089,537,16284
Municipal Rural,1749,294,707,0,2750
Estadual e Municipal,13080,3214,14271,2420,32985
CAPIM,,,,,0
Estadual Urbana,0,0,0,0,0
Estadual Rural,0,0,0,0,0
Municipal Urbana,574,15,393,3,985
Municipal Rural,39,0,0,0,39
Estadual e Municipal,613,15,393,3,1024
CARAUBAS,,,,,0
Estadual Urbana,0,0,71,0,71
Estadual Rural,0,0,0,0,0
Municipal Urbana,138,0,100,0,238
Municipal Rural,190,0,73,0,263
Estadual e Municipal,328,0,244,0,572
CARRAPATEIRA,,,,,0
Estadual Urbana,0,0,0,0,0
Estadual Rural,8,0,2,0,10
Municipal Urbana,96,85,113,76,370
Municipal Rural,0,0,0,0,0
Estadual e Municipal,104,85,115,76,380
CASSERENGUE,,,,,0
Estadual Urbana,0,0,0,0,0
Estadual Rural,0,0,0,0,0
Municipal Urbana,242,100,272,100,714
Municipal Rural,195,80,123,68,466
Estadual e Municipal,437,180,395,168,1180
CATINGUEIRA,,,,,0
Estadual Urbana,2,31,0,0,33
Estadual Rural,0,0,0,0,0
Municipal Urbana,334,0,346,0,680
Municipal Rural,36,0,0,0,36
Estadual e Municipal,372,31,346,0,749
CATOLE DO ROCHA,,,,,0
Estadual Urbana,97,1,283,138,519
Estadual Rural,45,119,23,106,293
Municipal Urbana,708,399,830,92,2029
Municipal Rural,167,42,0,0,209
Estadual e Municipal,1017,561,1136,336,3050
CATURITE,,,,,0
Estadual Urbana,0,0,130,0,130
Estadual Rural,0,0,0,0,0
Municipal Urbana,87,69,214,57,427
Municipal Rural,192,1,0,0,193
Estadual e Municipal,279,70,344,57,750
CONCEICAO,,,,,0
Estadual Urbana,206,18,355,225,804
Estadual Rural,0,0,0,0,0
Municipal Urbana,65,589,0,384,1038
Municipal Rural,233,171,0,87,491
Estadual e Municipal,504,778,355,696,2333
CONDADO,,,,,0
Estadual Urbana,0,0,192,0,192
Estadual Rural,0,0,0,0,0
Municipal Urbana,477,0,240,0,717
Municipal Rural,63,0,0,0,63
Estadual e Municipal,540,0,432,0,972
CONDE,,,,,0
Estadual Urbana,0,0,294,0,294
Estadual Rural,0,0,0,0,0
Municipal Urbana,861,292,1010,100,2263
Municipal Rural,873,351,398,137,1759
Estadual e Municipal,1734,643,1702,237,4316
CONGO,,,,,0
Estadual Urbana,0,0,139,0,139
Estadual Rural,0,0,0,0,0
Municipal Urbana,253,25,137,64,479
Municipal Rural,63,0,0,0,63
Estadual e Municipal,316,25,276,64,681
COREMAS,,,,,0
Estadual Urbana,75,2,272,35,384
Estadual Rural,0,0,0,0,0
Municipal Urbana,444,0,329,0,773
Municipal Rural,441,0,99,0,540
Estadual e Municipal,960,2,700,35,1697
COXIXOLA,,,,,0
Estadual Urbana,2,0,101,0,103
Estadual Rural,0,0,0,0,0
Municipal Urbana,22,42,0,0,64
Municipal Rural,70,0,0,0,70
Estadual e Municipal,94,42,101,0,237
CRUZ DO ESPIRITO SANTO,,,,,0
Estadual Urbana,44,0,477,69,590
Estadual Rural,96,41,69,0,206
Municipal Urbana,377,218,526,118,1239
Municipal Rural,236,400,14,0,650
Estadual e Municipal,753,659,1086,187,2685
CUBATI,,,,,0
Estadual Urbana,0,0,0,0,0
Estadual Rural,0,0,0,0,0
Municipal Urbana,96,407,346,209,1058
Municipal Rural,121,0,0,0,121
Estadual e Municipal,217,407,346,209,1179
CUITE,,,,,0
Estadual Urbana,187,27,589,0,803
Estadual Rural,0,0,106,0,106
Municipal Urbana,701,0,470,0,1171
Municipal Rural,324,24,0,0,348
Estadual e Municipal,1212,51,1165,0,2428
CUITE DE MAMANGUAPE,,,,,0
Estadual Urbana,36,0,99,0,135
Estadual Rural,0,0,0,0,0
Municipal Urbana,63,72,211,115,461
Municipal Rural,140,304,64,43,551
Estadual e Municipal,239,376,374,158,1147
CUITEGI,,,,,0
Estadual Urbana,0,0,71,78,149
Estadual Rural,0,0,0,0,0
Municipal Urbana,383,27,300,0,710
Municipal Rural,74,0,0,0,74
Estadual e Municipal,457,27,371,78,933
CURRAL DE CIMA,,,,,0
Estadual Urbana,0,0,0,0,0
Estadual Rural,0,0,0,0,0
Municipal Urbana,156,0,223,0,379
Municipal Rural,374,0,88,0,462
Estadual e Municipal,530,0,311,0,841
CURRAL VELHO,,,,,0
Estadual Urbana,0,0,63,0,63
Estadual Rural,0,0,0,0,0
Municipal Urbana,164,0,97,0,261
Municipal Rural,0,0,0,0,0
Estadual e Municipal,164,0,160,0,324
DAMIAO,,,,,0
Estadual Urbana,0,0,0,0,0
Estadual Rural,0,0,0,0,0
Municipal Urbana,275,64,335,15,689
Municipal Rural,119,0,0,0,119
Estadual e Municipal,394,64,335,15,808
DESTERRO,,,,,0
Estadual Urbana,152,78,400,0,630
Estadual Rural,0,0,0,0,0
Municipal Urbana,264,0,140,0,404
Municipal Rural,210,0,58,0,268
Estadual e Municipal,626,78,598,0,1302
DIAMANTE,,,,,0
Estadual Urbana,0,0,10,82,92
Estadual Rural,37,27,34,23,121
Municipal Urbana,56,164,17,152,389
Municipal Rural,58,87,0,75,220
Estadual e Municipal,151,278,61,332,822
DONA INES,,,,,0
Estadual Urbana,0,0,0,0,0
Estadual Rural,0,0,0,0,0
Municipal Urbana,6,419,81,530,1036
Municipal Rural,149,208,0,144,501
Estadual e Municipal,155,627,81,674,1537
DUAS ESTRADAS,,,,,0
Estadual Urbana,32,52,31,0,115
Estadual Rural,0,0,0,0,0
Municipal Urbana,13,108,111,95,327
Municipal Rural,34,20,37,0,91
Estadual e Municipal,79,180,179,95,533
EMAS,,,,,0
Estadual Urbana,0,0,44,28,72
Estadual Rural,0,0,0,0,0
Municipal Urbana,34,97,9,178,318
Municipal Rural,0,83,0,0,83
Estadual e Municipal,34,180,53,206,473
ESPERANCA,,,,,0
Estadual Urbana,0,0,283,43,326
Estadual Rural,0,0,0,0,0
Municipal Urbana,732,658,1026,407,2823
Municipal Rural,190,492,63,95,840
Estadual e Municipal,922,1150,1372,545,3989
FAGUNDES,,,,,0
Estadual Urbana,182,0,272,124,578
Estadual Rural,0,0,0,0,0
Municipal Urbana,285,1,338,3,627
Municipal Rural,492,0,75,60,627
Estadual e Municipal,959,1,685,187,1832
FREI MARTINHO,,,,,0
Estadual Urbana,0,0,0,0,0
Estadual Rural,0,0,0,0,0
Municipal Urbana,133,46,100,52,331
Municipal Rural,13,0,0,0,13
Estadual e Municipal,146,46,100,52,344
GADO BRAVO,,,,,0
Estadual Urbana,0,0,0,0,0
Estadual Rural,0,0,0,0,0
Municipal Urbana,177,0,615,0,792
Municipal Rural,603,0,1,0,604
Estadual e Municipal,780,0,616,0,1396
GUARABIRA,,,,,0
Estadual Urbana,253,95,651,201,1200
Estadual Rural,44,0,0,0,44
Municipal Urbana,69,1578,0,1590,3237
Municipal Rural,50,504,0,70,624
Estadual e Municipal,416,2177,651,1861,5105
GURINHEM,,,,,0
Estadual Urbana,122,7,209,91,429
Estadual Rural,0,0,0,0,0
Municipal Urbana,167,155,138,188,648
Municipal Rural,355,196,212,244,1007
Estadual e Municipal,644,358,559,523,2084
GURJAO,,,,,0
Estadual Urbana,0,0,0,0,0
Estadual Rural,0,0,0,0,0
Municipal Urbana,187,0,218,0,405
Municipal Rural,27,0,0,0,27
Estadual e Municipal,214,0,218,0,432
IBIARA,,,,,0
Estadual Urbana,15,73,76,96,260
Estadual Rural,0,0,0,0,0
Municipal Urbana,231,0,145,0,376
Municipal Rural,65,0,0,0,65
Estadual e Municipal,311,73,221,96,701
IGARACY,,,,,0
Estadual Urbana,0,0,22,76,98
Estadual Rural,0,0,0,0,0
Municipal Urbana,333,0,331,0,664
Municipal Rural,78,0,0,0,78
Estadual e Municipal,411,0,353,76,840
IMACULADA,,,,,0
Estadual Urbana,122,63,36,78,299
Estadual Rural,0,0,87,56,143
Municipal Urbana,0,241,423,0,664
Municipal Rural,429,142,75,141,787
Estadual e Municipal,551,446,621,275,1893
INGA,,,,,0
Estadual Urbana,97,0,295,0,392
Estadual Rural,0,0,0,0,0
Municipal Urbana,119,479,0,514,1112
Municipal Rural,211,256,36,146,649
Estadual e Municipal,427,735,331,660,2153
ITABAIANA,,,,,0
Estadual Urbana,322,35,675,143,1175
Estadual Rural,47,0,82,0,129
Municipal Urbana,462,0,234,1,697
Municipal Rural,226,0,0,0,226
Estadual e Municipal,1057,35,991,144,2227
ITAPORANGA,,,,,0
Estadual Urbana,98,165,429,225,917
Estadual Rural,0,0,0,0,0
Municipal Urbana,656,0,386,0,1042
Municipal Rural,166,0,0,0,166
Estadual e Municipal,920,165,815,225,2125
ITAPOROROCA,,,,,0
Estadual Urbana,31,55,89,92,267
Estadual Rural,0,0,0,0,0
Municipal Urbana,323,244,427,237,1231
Municipal Rural,157,259,106,80,602
Estadual e Municipal,511,558,622,409,2100
ITATUBA,,,,,0
Estadual Urbana,0,0,436,0,436
Estadual Rural,0,0,0,0,0
Municipal Urbana,270,293,184,80,827
Municipal Rural,255,1,0,0,256
Estadual e Municipal,525,294,620,80,1519
JACARAU,,,,,0
Estadual Urbana,38,51,126,77,292
Estadual Rural,0,0,0,0,0
Municipal Urbana,402,136,277,140,955
Municipal Rural,456,177,192,188,1013
Estadual e Municipal,896,364,595,405,2260
JERICO,,,,,0
Estadual Urbana,0,0,121,128,249
Estadual Rural,0,0,0,0,0
Municipal Urbana,35,183,62,68,348
Municipal Rural,141,0,0,0,141
Estadual e Municipal,176,183,183,196,738
JOAO PESSOA,,,,,0
Estadual Urbana,6859,1082,9455,1918,19314
Estadual Rural,0,0,0,0,0
Municipal Urbana,17803,2652,16539,956,37950
Municipal Rural,0,0,0,0,0
Estadual e Municipal,24662,3734,25994,2874,57264
JOCA CLAUDINO,,,,,0
Estadual Urbana,0,0,0,0,0
Estadual Rural,0,0,0,0,0
Municipal Urbana,64,50,177,0,291
Municipal Rural,83,0,0,0,83
Estadual e Municipal,147,50,177,0,374
JUAREZ TAVORA,,,,,0
Estadual Urbana,0,0,90,0,90
Estadual Rural,0,0,0,0,0
Municipal Urbana,443,0,434,0,877
Municipal Rural,167,0,0,0,167
Estadual e Municipal,610,0,524,0,1134
JUAZEIRINHO,,,,,0
Estadual Urbana,184,0,358,12,554
Estadual Rural,0,0,0,0,0
Municipal Urbana,223,468,637,204,1532
Municipal Rural,409,228,1,0,638
Estadual e Municipal,816,696,996,216,2724
JUNCO DO SERIDO,,,,,0
Estadual Urbana,0,0,0,106,106
Estadual Rural,0,0,0,0,0
Municipal Urbana,330,0,284,0,614
Municipal Rural,89,0,47,0,136
Estadual e Municipal,419,0,331,106,856
JURIPIRANGA,,,,,0
Estadual Urbana,213,0,276,0,489
Estadual Rural,0,0,0,0,0
Municipal Urbana,203,365,508,1,1077
Municipal Rural,40,0,0,0,40
Estadual e Municipal,456,365,784,1,1606
JURU,,,,,0
Estadual Urbana,0,0,10,106,116
Estadual Rural,0,0,0,0,0
Municipal Urbana,264,195,89,100,648
Municipal Rural,9,282,22,209,522
Estadual e Municipal,273,477,121,415,1286
LAGOA,,,,,0
Estadual Urbana,0,0,103,74,177
Estadual Rural,0,0,0,0,0
Municipal Urbana,262,0,115,1,378
Municipal Rural,90,0,0,0,90
Estadual e Municipal,352,0,218,75,645
LAGOA DE DENTRO,,,,,0
Estadual Urbana,0,17,0,90,107
Estadual Rural,0,0,0,0,0
Municipal Urbana,92,145,143,318,698
Municipal Rural,121,207,0,0,328
Estadual e Municipal,213,369,143,408,1133
LAGOA SECA,,,,,0
Estadual Urbana,0,0,451,0,451
Estadual Rural,0,0,0,0,0
Municipal Urbana,585,100,707,0,1392
Municipal Rural,1117,39,265,50,1471
Estadual e Municipal,1702,139,1423,50,3314
LASTRO,,,,,0
Estadual Urbana,0,0,0,0,0
Estadual Rural,0,0,0,0,0
Municipal Urbana,57,86,176,37,356
Municipal Rural,56,65,0,0,121
Estadual e Municipal,113,151,176,37,477
LIVRAMENTO,,,,,0
Estadual Urbana,0,0,125,0,125
Estadual Rural,0,0,0,0,0
Municipal Urbana,394,0,482,0,876
Municipal Rural,297,0,0,0,297
Estadual e Municipal,691,0,607,0,1298
LOGRADOURO,,,,,0
Estadual Urbana,21,0,50,0,71
Estadual Rural,0,0,0,0,0
Municipal Urbana,51,84,8,125,268
Municipal Rural,32,175,7,41,255
Estadual e Municipal,104,259,65,166,594
LUCENA,,,,,0
Estadual Urbana,0,0,150,0,150
Estadual Rural,0,0,0,0,0
Municipal Urbana,374,546,409,242,1571
Municipal Rural,85,119,100,19,323
Estadual e Municipal,459,665,659,261,2044
MAE DAGUA,,,,,0
Estadual Urbana,0,0,0,0,0
Estadual Rural,0,0,0,0,0
Municipal Urbana,230,0,206,0,436
Municipal Rural,127,0,0,0,127
Estadual e Municipal,357,0,206,0,563
MALTA,,,,,0
Estadual Urbana,0,0,127,77,204
Estadual Rural,0,0,0,0,0
Municipal Urbana,98,305,14,183,600
Municipal Rural,22,0,0,0,22
Estadual e Municipal,120,305,141,260,826
MAMANGUAPE,,,,,0
Estadual Urbana,0,0,815,34,849
Estadual Rural,91,81,300,68,540
Municipal Urbana,1904,0,1128,0,3032
Municipal Rural,964,0,116,0,1080
Estadual e Municipal,2959,81,2359,102,5501
MANAIRA,,,,,0
Estadual Urbana,305,0,229,0,534
Estadual Rural,0,0,0,0,0
Municipal Urbana,408,0,393,0,801
Municipal Rural,353,0,88,0,441
Estadual e Municipal,1066,0,710,0,1776
MARCACAO,,,,,0
Estadual Urbana,0,0,0,0,0
Estadual Rural,156,128,189,73,546
Municipal Urbana,183,2,397,0,582
Municipal Rural,466,0,0,0,466
Estadual e Municipal,805,130,586,73,1594
MARI,,,,,0
Estadual Urbana,114,60,446,148,768
Estadual Rural,0,0,0,0,0
Municipal Urbana,9,842,75,448,1374
Municipal Rural,41,229,0,85,355
Estadual e Municipal,164,1131,521,681,2497
MARIZOPOLIS,,,,,0
Estadual Urbana,0,0,26,0,26
Estadual Rural,0,0,0,0,0
Municipal Urbana,253,186,0,311,750
Municipal Rural,33,0,35,0,68
Estadual e Municipal,286,186,61,311,844
MASSARANDUBA,,,,,0
Estadual Urbana,0,0,96,90,186
Estadual Rural,0,0,38,76,114
Municipal Urbana,423,0,452,0,875
Municipal Rural,547,0,88,0,635
Estadual e Municipal,970,0,674,166,1810
MATARACA,,,,,0
Estadual Urbana,73,0,273,0,346
Estadual Rural,0,0,0,0,0
Municipal Urbana,657,0,412,0,1069
Municipal Rural,168,0,0,0,168
Estadual e Municipal,898,0,685,0,1583
MATINHAS,,,,,0
Estadual Urbana,0,0,174,0,174
Estadual Rural,14,0,99,40,153
Municipal Urbana,64,97,55,68,284
Municipal Rural,289,0,8,0,297
Estadual e Municipal,367,97,336,108,908
MATO GROSSO,,,,,0
Estadual Urbana,0,0,0,0,0
Estadual Rural,0,0,0,0,0
Municipal Urbana,4,85,102,47,238
Municipal Rural,75,0,0,0,75
Estadual e Municipal,79,85,102,47,313
MATUREIA,,,,,0
Estadual Urbana,0,0,0,0,0
Estadual Rural,0,0,0,0,0
Municipal Urbana,460,0,426,96,982
Municipal Rural,114,0,0,0,114
Estadual e Municipal,574,0,426,96,1096
MOGEIRO,,,,,0
Estadual Urbana,0,0,250,89,339
Estadual Rural,0,0,0,0,0
Municipal Urbana,0,411,0,571,982
Municipal Rural,169,462,0,82,713
Estadual e Municipal,169,873,250,742,2034
MONTADAS,,,,,0
Estadual Urbana,0,0,0,0,0
Estadual Rural,0,0,0,0,0
Municipal Urbana,381,0,388,0,769
Municipal Rural,134,0,0,0,134
Estadual e Municipal,515,0,388,0,903
MONTE HOREBE,,,,,0
Estadual Urbana,0,0,76,0,76
Estadual Rural,0,0,0,0,0
Municipal Urbana,259,0,280,0,539
Municipal Rural,106,0,0,0,106
Estadual e Municipal,365,0,356,0,721
MONTEIRO,,,,,0
Estadual Urbana,11,7,310,109,437
Estadual Rural,0,0,0,0,0
Municipal Urbana,1366,92,1019,106,2583
Municipal Rural,294,153,274,0,721
Estadual e Municipal,1671,252,1603,215,3741
MULUNGU,,,,,0
Estadual Urbana,23,89,72,241,425
Estadual Rural,96,0,87,0,183
Municipal Urbana,288,0,135,0,423
Municipal Rural,254,0,61,0,315
Estadual e Municipal,661,89,355,241,1346
NATUBA,,,,,0
Estadual Urbana,99,0,130,0,229
Estadual Rural,0,0,0,0,0
Municipal Urbana,0,228,0,275,503
Municipal Rural,181,296,0,125,602
Estadual e Municipal,280,524,130,400,1334
NAZAREZINHO,,,,,0
Estadual Urbana,143,0,232,0,375
Estadual Rural,0,0,0,0,0
Municipal Urbana,221,57,241,58,577
Municipal Rural,170,0,0,0,170
Estadual e Municipal,534,57,473,58,1122
NOVA FLORESTA,,,,,0
Estadual Urbana,142,46,311,0,499
Estadual Rural,0,0,0,0,0
Municipal Urbana,484,1,257,0,742
Municipal Rural,27,0,0,0,27
Estadual e Municipal,653,47,568,0,1268
NOVA OLINDA,,,,,0
Estadual Urbana,47,36,133,64,280
Estadual Rural,1,27,0,0,28
Municipal Urbana,298,0,161,0,459
Municipal Rural,136,0,59,0,195
Estadual e Municipal,482,63,353,64,962
NOVA PALMEIRA,,,,,0
Estadual Urbana,0,0,61,0,61
Estadual Rural,0,0,0,0,0
Municipal Urbana,271,0,142,0,413
Municipal Rural,36,0,0,0,36
Estadual e Municipal,307,0,203,0,510
OLHO DAGUA,,,,,0
Estadual Urbana,43,68,113,0,224
Estadual Rural,0,0,0,0,0
Municipal Urbana,0,182,0,208,390
Municipal Rural,186,96,0,86,368
Estadual e Municipal,229,346,113,294,982
OLIVEDOS,,,,,0
Estadual Urbana,0,0,0,0,0
Estadual Rural,0,0,0,0,0
Municipal Urbana,175,0,235,0,410
Municipal Rural,101,0,0,0,101
Estadual e Municipal,276,0,235,0,511
OURO VELHO,,,,,0
Estadual Urbana,0,0,0,0,0
Estadual Rural,0,0,0,0,0
Municipal Urbana,186,0,164,0,350
Municipal Rural,26,0,0,0,26
Estadual e Municipal,212,0,164,0,376
PARARI,,,,,0
Estadual Urbana,0,0,141,0,141
Estadual Rural,0,0,0,0,0
Municipal Urbana,0,89,0,0,89
Municipal Rural,45,0,0,0,45
Estadual e Municipal,45,89,141,0,275
PASSAGEM,,,,,0
Estadual Urbana,0,0,0,0,0
Estadual Rural,0,0,0,0,0
Municipal Urbana,59,62,30,120,271
Municipal Rural,57,29,0,0,86
Estadual e Municipal,116,91,30,120,357
PATOS,,,,,0
Estadual Urbana,112,19,1129,578,1838
Estadual Rural,0,0,0,0,0
Municipal Urbana,1239,2677,873,1627,6416
Municipal Rural,128,146,6,121,401
Estadual e Municipal,1479,2842,2008,2326,8655
PAULISTA,,,,,0
Estadual Urbana,0,0,0,0,0
Estadual Rural,0,0,0,0,0
Municipal Urbana,319,120,360,119,918
Municipal Rural,189,129,81,104,503
Estadual e Municipal,508,249,441,223,1421
PEDRA BRANCA,,,,,0
Estadual Urbana,36,0,84,0,120
Estadual Rural,0,0,0,0,0
Municipal Urbana,186,0,184,35,405
Municipal Rural,17,34,0,0,51
Estadual e Municipal,239,34,268,35,576
PEDRA LAVRADA,,,,,0
Estadual Urbana,0,0,0,0,0
Estadual Rural,0,0,0,0,0
Municipal Urbana,193,66,156,131,546
Municipal Rural,266,0,117,0,383
Estadual e Municipal,459,66,273,131,929
PEDRAS DE FOGO,,,,,0
Estadual Urbana,0,0,414,80,494
Estadual Rural,0,0,0,0,0
Municipal Urbana,1225,163,626,131,2145
Municipal Rural,100,919,483,150,1652
Estadual e Municipal,1325,1082,1523,361,4291
PEDRO REGIS,,,,,0
Estadual Urbana,33,0,44,0,77
Estadual Rural,0,0,0,0,0
Municipal Urbana,115,34,97,59,305
Municipal Rural,190,118,45,68,421
Estadual e Municipal,338,152,186,127,803
PIANCO,,,,,0
Estadual Urbana,31,50,12,76,169
Estadual Rural,0,0,0,0,0
Municipal Urbana,278,198,285,153,914
Municipal Rural,143,105,35,116,399
Estadual e Municipal,452,353,332,345,1482
PICUI,,,,,0
Estadual Urbana,0,0,35,0,35
Estadual Rural,0,0,0,0,0
Municipal Urbana,887,89,667,98,1741
Municipal Rural,345,59,315,71,790
Estadual e Municipal,1232,148,1017,169,2566
PILAR,,,,,0
Estadual Urbana,207,0,293,150,650
Estadual Rural,29,0,32,0,61
Municipal Urbana,0,354,0,197,551
Municipal Rural,256,0,71,15,342
Estadual e Municipal,492,354,396,362,1604
PILOES,,,,,0
Estadual Urbana,156,0,267,0,423
Estadual Rural,0,0,0,0,0
Municipal Urbana,342,0,371,0,713
Municipal Rural,294,0,0,0,294
Estadual e Municipal,792,0,638,0,1430
PILOEZINHOS,,,,,0
Estadual Urbana,0,0,206,0,206
Estadual Rural,0,0,0,0,0
Municipal Urbana,267,0,199,0,466
Municipal Rural,147,0,0,0,147
Estadual e Municipal,414,0,405,0,819
PIRPIRITUBA,,,,,0
Estadual Urbana,137,0,288,147,572
Estadual Rural,0,0,0,0,0
Municipal Urbana,233,143,0,140,516
Municipal Rural,86,40,0,0,126
Estadual e Municipal,456,183,288,287,1214
PITIMBU,,,,,0
Estadual Urbana,0,0,0,0,0
Estadual Rural,0,0,438,0,438
Municipal Urbana,201,272,103,56,632
Municipal Rural,210,703,197,265,1375
Estadual e Municipal,411,975,738,321,2445
POCINHOS,,,,,0
Estadual Urbana,0,0,0,0,0
Estadual Rural,0,0,0,0,0
Municipal Urbana,804,355,1114,17,2290
Municipal Rural,343,105,77,0,525
Estadual e Municipal,1147,460,1191,17,2815
POCO DANTAS,,,,,0
Estadual Urbana,0,0,0,0,0
Estadual Rural,0,0,0,0,0
Municipal Urbana,27,98,87,108,320
Municipal Rural,106,211,5,150,472
Estadual e Municipal,133,309,92,258,792
POCO DE JOSE DE MOURA,,,,,0
Estadual Urbana,0,0,0,0,0
Estadual Rural,0,0,0,0,0
Municipal Urbana,66,104,0,214,384
Municipal Rural,107,0,0,92,199
Estadual e Municipal,173,104,0,306,583
POMBAL,,,,,0
Estadual Urbana,36,42,465,87,630
Estadual Rural,23,0,0,0,23
Municipal Urbana,1033,292,931,202,2458
Municipal Rural,204,28,0,0,232
Estadual e Municipal,1296,362,1396,289,3343
PRATA,,,,,0
Estadual Urbana,0,0,43,0,43
Estadual Rural,21,0,0,0,21
Municipal Urbana,326,0,162,0,488
Municipal Rural,0,0,0,0,0
Estadual e Municipal,347,0,205,0,552
PRINCESA ISABEL,,,,,0
Estadual Urbana,208,77,268,202,755
Estadual Rural,42,0,0,0,42
Municipal Urbana,543,99,327,0,969
Municipal Rural,227,50,73,32,382
Estadual e Municipal,1020,226,668,234,2148
PUXINANA,,,,,0
Estadual Urbana,181,60,593,42,876
Estadual Rural,0,0,44,89,133
Municipal Urbana,0,288,0,0,288
Municipal Rural,274,233,384,2,893
Estadual e Municipal,455,581,1021,133,2190
QUEIMADAS,,,,,0
Estadual Urbana,45,32,569,185,831
Estadual Rural,0,0,82,118,200
Municipal Urbana,247,547,783,725,2302
Municipal Rural,578,1321,100,243,2242
Estadual e Municipal,870,1900,1534,1271,5575
QUIXABA,,,,,0
Estadual Urbana,0,0,0,0,0
Estadual Rural,0,0,0,0,0
Municipal Urbana,87,0,114,0,201
Municipal Rural,59,0,0,0,59
Estadual e Municipal,146,0,114,0,260
REMIGIO,,,,,0
Estadual Urbana,226,0,334,0,560
Estadual Rural,0,0,0,0,0
Municipal Urbana,572,307,678,266,1823
Municipal Rural,103,200,0,28,331
Estadual e Municipal,901,507,1012,294,2714
RIACHAO,,,,,0
Estadual Urbana,0,0,0,0,0
Estadual Rural,0,0,0,0,0
Municipal Urbana,0,184,0,234,418
Municipal Rural,19,71,0,0,90
Estadual e Municipal,19,255,0,234,508
RIACHAO DO BACAMARTE,,,,,0
Estadual Urbana,27,0,110,1,138
Estadual Rural,0,0,0,0,0
Municipal Urbana,16,131,53,163,363
Municipal Rural,71,91,3,59,224
Estadual e Municipal,114,222,166,223,725
RIACHAO DO POCO,,,,,0
Estadual Urbana,0,0,0,0,0
Estadual Rural,0,0,0,0,0
Municipal Urbana,1,105,353,0,459
Municipal Rural,40,247,0,0,287
Estadual e Municipal,41,352,353,0,746
RIACHO DE SANTO ANTONIO,,,,,0
Estadual Urbana,0,0,11,0,11
Estadual Rural,0,0,0,0,0
Municipal Urbana,164,0,143,0,307
Municipal Rural,56,0,0,0,56
Estadual e Municipal,220,0,154,0,374
RIACHO DOS CAVALOS,,,,,0
Estadual Urbana,0,0,105,150,255
Estadual Rural,0,0,0,0,0
Municipal Urbana,78,307,17,116,518
Municipal Rural,181,63,0,0,244
Estadual e Municipal,259,370,122,266,1017
RIO TINTO,,,,,0
Estadual Urbana,83,93,275,83,534
Estadual Rural,67,79,33,50,229
Municipal Urbana,250,311,692,170,1423
Municipal Rural,130,774,0,0,904
Estadual e Municipal,530,1257,1000,303,3090
SALGADINHO,,,,,0
Estadual Urbana,0,0,0,0,0
Estadual Rural,0,0,0,0,0
Municipal Urbana,78,0,245,0,323
Municipal Rural,224,0,0,0,224
Estadual e Municipal,302,0,245,0,547
SALGADO DE SAO FELIX,,,,,0
Estadual Urbana,0,0,16,120,136
Estadual Rural,0,43,149,128,320
Municipal Urbana,0,175,0,116,291
Municipal Rural,121,471,0,253,845
Estadual e Municipal,121,689,165,617,1592
SANTA CECILIA,,,,,0
Estadual Urbana,0,0,0,0,0
Estadual Rural,0,0,0,0,0
Municipal Urbana,174,57,481,0,712
Municipal Rural,257,104,45,0,406
Estadual e Municipal,431,161,526,0,1118
SANTA CRUZ,,,,,0
Estadual Urbana,191,0,146,0,337
Estadual Rural,0,0,0,0,0
Municipal Urbana,42,79,131,56,308
Municipal Rural,43,118,0,0,161
Estadual e Municipal,276,197,277,56,806
SANTA HELENA,,,,,0
Estadual Urbana,64,0,97,0,161
Estadual Rural,0,0,0,0,0
Municipal Urbana,0,194,31,145,370
Municipal Rural,49,94,4,93,240
Estadual e Municipal,113,288,132,238,771
SANTA INES,,,,,0
Estadual Urbana,0,0,1,62,63
Estadual Rural,0,0,0,0,0
Municipal Urbana,157,0,86,0,243
Municipal Rural,117,0,59,0,176
Estadual e Municipal,274,0,146,62,482
SANTA LUZIA,,,,,0
Estadual Urbana,170,92,336,184,782
Estadual Rural,0,0,0,0,0
Municipal Urbana,506,0,312,0,818
Municipal Rural,23,0,0,0,23
Estadual e Municipal,699,92,648,184,1623
SANTA RITA,,,,,0
Estadual Urbana,1808,147,2793,132,4880
Estadual Rural,50,0,190,0,240
Municipal Urbana,1231,2151,1220,1356,5958
Municipal Rural,833,1190,319,585,2927
Estadual e Municipal,3922,3488,4522,2073,14005
SANTA TERESINHA,,,,,0
Estadual Urbana,0,0,2,73,75
Estadual Rural,0,0,0,0,0
Municipal Urbana,206,0,205,0,411
Municipal Rural,76,0,0,0,76
Estadual e Municipal,282,0,207,73,562
SANTANA DE MANGUEIRA,,,,,0
Estadual Urbana,0,0,87,0,87
Estadual Rural,0,0,0,0,0
Municipal Urbana,253,1,242,0,496
Municipal Rural,146,9,109,0,264
Estadual e Municipal,399,10,438,0,847
SANTANA DOS GARROTES,,,,,0
Estadual Urbana,49,0,132,0,181
Estadual Rural,0,0,0,0,0
Municipal Urbana,200,0,141,0,341
Municipal Rural,246,0,121,0,367
Estadual e Municipal,495,0,394,0,889
SANTO ANDRE,,,,,0
Estadual Urbana,0,0,0,0,0
Estadual Rural,0,0,0,0,0
Municipal Urbana,220,0,147,0,367
Municipal Rural,0,0,0,0,0
Estadual e Municipal,220,0,147,0,367
SAO BENTINHO,,,,,0
Estadual Urbana,0,0,63,0,63
Estadual Rural,0,0,0,0,0
Municipal Urbana,247,0,182,0,429
Municipal Rural,40,0,0,0,40
Estadual e Municipal,287,0,245,0,532
SAO BENTO,,,,,0
Estadual Urbana,132,149,200,79,560
Estadual Rural,0,0,0,0,0
Municipal Urbana,856,679,1307,184,3026
Municipal Rural,160,358,29,30,577
Estadual e Municipal,1148,1186,1536,293,4163
SAO DOMINGOS,,,,,0
Estadual Urbana,0,0,0,0,0
Estadual Rural,0,0,0,0,0
Municipal Urbana,94,72,168,24,358
Municipal Rural,48,18,0,0,66
Estadual e Municipal,142,90,168,24,424
SAO DOMINGOS DO CARIRI,,,,,0
Estadual Urbana,0,0,56,0,56
Estadual Rural,0,0,0,0,0
Municipal Urbana,152,0,132,0,284
Municipal Rural,41,0,0,0,41
Estadual e Municipal,193,0,188,0,381
SAO FRANCISCO,,,,,0
Estadual Urbana,0,0,0,0,0
Estadual Rural,0,0,0,0,0
Municipal Urbana,38,91,123,93,345
Municipal Rural,0,92,0,0,92
Estadual e Municipal,38,183,123,93,437
SAO JOAO DO CARIRI,,,,,0
Estadual Urbana,5,0,59,0,64
Estadual Rural,0,0,49,0,49
Municipal Urbana,81,101,148,0,330
Municipal Rural,91,0,16,0,107
Estadual e Municipal,177,101,272,0,550
SAO JOAO DO RIO DO PEIXE,,,,,0
Estadual Urbana,128,238,163,157,686
Estadual Rural,8,46,50,130,234
Municipal Urbana,0,171,0,498,669
Municipal Rural,99,362,0,47,508
Estadual e Municipal,235,817,213,832,2097
SAO JOAO DO TIGRE,,,,,0
Estadual Urbana,0,0,0,0,0
Estadual Rural,0,0,0,0,0
Municipal Urbana,164,0,137,0,301
Municipal Rural,272,0,153,0,425
Estadual e Municipal,436,0,290,0,726
SAO JOSE DA LAGOA TAPADA,,,,,0
Estadual Urbana,0,0,216,0,216
Estadual Rural,0,0,0,0,0
Municipal Urbana,501,0,222,0,723
Municipal Rural,200,0,0,0,200
Estadual e Municipal,701,0,438,0,1139
SAO JOSE DE CAIANA,,,,,0
Estadual Urbana,0,3,60,143,206
Estadual Rural,0,0,0,0,0
Municipal Urbana,407,0,221,1,629
Municipal Rural,120,0,0,0,120
Estadual e Municipal,527,3,281,144,955
SAO JOSE DE ESPINHARAS,,,,,0
Estadual Urbana,79,0,42,35,156
Estadual Rural,0,0,0,0,0
Municipal Urbana,153,0,5,99,257
Municipal Rural,116,0,80,0,196
Estadual e Municipal,348,0,127,134,609
SAO JOSE DE PIRANHAS,,,,,0
Estadual Urbana,211,0,543,0,754
Estadual Rural,0,0,0,0,0
Municipal Urbana,393,53,265,60,771
Municipal Rural,507,38,140,59,744
Estadual e Municipal,1111,91,948,119,2269
SAO JOSE DE PRINCESA,,,,,0
Estadual Urbana,0,0,139,0,139
Estadual Rural,0,0,0,0,0
Municipal Urbana,0,0,0,0,0
Municipal Rural,36,196,0,39,271
Estadual e Municipal,36,196,139,39,410
SAO JOSE DO BONFIM,,,,,0
Estadual Urbana,0,0,0,0,0
Estadual Rural,0,0,0,0,0
Municipal Urbana,90,80,180,75,425
Municipal Rural,104,17,0,0,121
Estadual e Municipal,194,97,180,75,546
SAO JOSE DO BREJO DO CRUZ,,,,,0
Estadual Urbana,0,0,0,0,0
Estadual Rural,0,0,0,0,0
Municipal Urbana,72,72,83,70,297
Municipal Rural,18,0,0,0,18
Estadual e Municipal,90,72,83,70,315
SAO JOSE DO SABUGI,,,,,0
Estadual Urbana,0,0,27,0,27
Estadual Rural,0,0,0,0,0
Municipal Urbana,113,84,79,122,398
Municipal Rural,67,0,0,0,67
Estadual e Municipal,180,84,106,122,492
SAO JOSE DOS CORDEIROS,,,,,0
Estadual Urbana,69,0,214,0,283
Estadual Rural,0,0,0,0,0
Municipal Urbana,132,0,0,0,132
Municipal Rural,75,0,0,0,75
Estadual e Municipal,276,0,214,0,490
SAO JOSE DOS RAMOS,,,,,0
Estadual Urbana,60,0,65,0,125
Estadual Rural,0,0,0,0,0
Municipal Urbana,190,0,236,0,426
Municipal Rural,259,0,111,0,370
Estadual e Municipal,509,0,412,0,921
SAO MAMEDE,,,,,0
Estadual Urbana,0,0,118,48,166
Estadual Rural,0,0,0,0,0
Municipal Urbana,223,328,194,127,872
Municipal Rural,21,13,0,0,34
Estadual e Municipal,244,341,312,175,1072
SAO MIGUEL DE TAIPU,,,,,0
Estadual Urbana,17,1,123,93,234
Estadual Rural,36,0,151,0,187
Municipal Urbana,174,0,137,0,311
Municipal Rural,94,252,0,76,422
Estadual e Municipal,321,253,411,169,1154
SAO SEBASTIAO DE LAGOA DE ROCA,,,,,0
Estadual Urbana,21,0,357,14,392
Estadual Rural,0,0,0,0,0
Municipal Urbana,311,0,365,1,677
Municipal Rural,394,0,0,0,394
Estadual e Municipal,726,0,722,15,1463
SAO SEBASTIAO DO UMBUZEIRO,,,,,0
Estadual Urbana,0,0,53,0,53
Estadual Rural,0,0,0,0,0
Municipal Urbana,222,69,133,32,456
Municipal Rural,0,0,0,0,0
Estadual e Municipal,222,69,186,32,509
SAO VICENTE DO SERIDO,,,,,0
Estadual Urbana,128,68,213,75,484
Estadual Rural,0,0,0,0,0
Municipal Urbana,239,158,278,134,809
Municipal Rural,163,131,0,0,294
Estadual e Municipal,530,357,491,209,1587
SAPE,,,,,0
Estadual Urbana,0,0,1418,0,1418
Estadual Rural,0,0,222,0,222
Municipal Urbana,1054,588,732,260,2634
Municipal Rural,744,281,204,40,1269
Estadual e Municipal,1798,869,2576,300,5543
SERRA BRANCA,,,,,0
Estadual Urbana,0,0,352,0,352
Estadual Rural,0,0,0,0,0
Municipal Urbana,406,169,472,0,1047
Municipal Rural,59,64,0,0,123
Estadual e Municipal,465,233,824,0,1522
SERRA DA RAIZ,,,,,0
Estadual Urbana,98,0,104,0,202
Estadual Rural,0,0,0,0,0
Municipal Urbana,0,118,0,85,203
Municipal Rural,46,0,0,0,46
Estadual e Municipal,144,118,104,85,451
SERRA GRANDE,,,,,0
Estadual Urbana,0,0,15,0,15
Estadual Rural,0,0,0,0,0
Municipal Urbana,220,0,210,0,430
Municipal Rural,65,0,0,0,65
Estadual e Municipal,285,0,225,0,510
SERRA REDONDA,,,,,0
Estadual Urbana,82,0,208,0,290
Estadual Rural,0,0,0,0,0
Municipal Urbana,198,0,219,0,417
Municipal Rural,224,0,47,0,271
Estadual e Municipal,504,0,474,0,978
SERRARIA,,,,,0
Estadual Urbana,149,0,313,0,462
Estadual Rural,0,0,0,0,0
Municipal Urbana,241,0,0,0,241
Municipal Rural,141,0,62,0,203
Estadual e Municipal,531,0,375,0,906
SERTAOZINHO,,,,,0
Estadual Urbana,9,50,4,173,236
Estadual Rural,0,0,0,0,0
Municipal Urbana,13,218,3,228,462
Municipal Rural,50,50,0,0,100
Estadual e Municipal,72,318,7,401,798
SOBRADO,,,,,0
Estadual Urbana,0,0,0,0,0
Estadual Rural,0,0,0,0,0
Municipal Urbana,116,0,514,0,630
Municipal Rural,478,0,76,0,554
Estadual e Municipal,594,0,590,0,1184
SOLANEA,,,,,0
Estadual Urbana,6,23,964,257,1250
Estadual Rural,0,0,0,0,0
Municipal Urbana,1044,192,581,38,1855
Municipal Rural,592,12,18,0,622
Estadual e Municipal,1642,227,1563,295,3727
SOLEDADE,,,,,0
Estadual Urbana,258,0,396,106,760
Estadual Rural,0,0,0,0,0
Municipal Urbana,554,81,495,0,1130
Municipal Rural,180,0,0,0,180
Estadual e Municipal,992,81,891,106,2070
SOSSEGO,,,,,0
Estadual Urbana,0,0,65,0,65
Estadual Rural,0,0,0,0,0
Municipal Urbana,250,0,206,0,456
Municipal Rural,54,0,0,0,54
Estadual e Municipal,304,0,271,0,575
SOUSA,,,,,0
Estadual Urbana,1008,163,1636,266,3073
Estadual Rural,281,0,426,0,707
Municipal Urbana,1055,981,631,133,2800
Municipal Rural,466,173,100,53,792
Estadual e Municipal,2810,1317,2793,452,7372
SUME,,,,,0
Estadual Urbana,0,0,0,0,0
Estadual Rural,0,0,0,0,0
Municipal Urbana,707,37,835,19,1598
Municipal Rural,138,0,54,0,192
Estadual e Municipal,845,37,889,19,1790
TACIMA,,,,,0
Estadual Urbana,88,0,80,0,168
Estadual Rural,0,0,0,0,0
Municipal Urbana,185,66,142,77,470
Municipal Rural,230,96,0,188,514
Estadual e Municipal,503,162,222,265,1152
TAPEROA,,,,,0
Estadual Urbana,329,0,536,134,999
Estadual Rural,0,0,0,0,0
Municipal Urbana,313,198,207,31,749
Municipal Rural,264,0,0,0,264
Estadual e Municipal,906,198,743,165,2012
TAVARES,,,,,0
Estadual Urbana,73,96,214,58,441
Estadual Rural,0,0,0,0,0
Municipal Urbana,345,222,144,127,838
Municipal Rural,232,168,268,138,806
Estadual e Municipal,650,486,626,323,2085
TEIXEIRA,,,,,0
Estadual Urbana,14,0,291,96,401
Estadual Rural,0,0,0,0,0
Municipal Urbana,148,622,82,442,1294
Municipal Rural,159,79,0,0,238
Estadual e Municipal,321,701,373,538,1933
TENORIO,,,,,0
Estadual Urbana,0,0,0,0,0
Estadual Rural,0,0,0,0,0
Municipal Urbana,282,0,273,0,555
Municipal Rural,0,0,0,0,0
Estadual e Municipal,282,0,273,0,555
TRIUNFO,,,,,0
Estadual Urbana,0,0,8,54,62
Estadual Rural,0,0,0,0,0
Municipal Urbana,180,93,339,96,708
Municipal Rural,205,0,0,0,205
Estadual e Municipal,385,93,347,150,975
UIRAUNA,,,,,0
Estadual Urbana,103,85,297,65,550
Estadual Rural,0,0,1,39,40
Municipal Urbana,526,0,226,0,752
Municipal Rural,146,0,15,0,161
Estadual e Municipal,775,85,539,104,1503
UMBUZEIRO,,,,,0
Estadual Urbana,0,0,124,0,124
Estadual Rural,0,0,0,0,0
Municipal Urbana,325,0,248,17,590
Municipal Rural,352,0,222,0,574
Estadual e Municipal,677,0,594,17,1288
VARZEA,,,,,0
Estadual Urbana,0,0,0,0,0
Estadual Rural,0,0,0,0,0
Municipal Urbana,120,0,155,0,275
Municipal Rural,43,0,0,0,43
Estadual e Municipal,163,0,155,0,318
VIEIROPOLIS,,,,,0
Estadual Urbana,0,0,0,0,0
Estadual Rural,0,0,90,0,90
Municipal Urbana,133,0,95,0,228
Municipal Rural,202,0,81,0,283
Estadual e Municipal,335,0,266,0,601
